0000000000000001
0000100000000001
0001000000000001
0001100000000001
0010000000000001
0010100000000001
0111000000000001
0111100000000001
1000000000000001
1000100000000001
1001000000000001
1001100000000001
0011000000000001
0011100000000001
0100000000000001
0100100000000001
0101000000000001
0101100000000001
0110000000000001
0110100000000001
1010000000000001
1010100000000001
0000000110001010
1011000000000001
0000100111001010
1011100000000001
1011010111000011
0000001000001010
1011100000000001
0000101001001010
1100000000000001
1011111000000011
0001000110001010
1100000000000001
0010000111001010
1100100000000001
1100011001000011
0001100110001010
1100100000000001
0010100111001010
1101000000000001
1100111010000011
0001001000001010
1101000000000001
0010001001001010
1101100000000001
1101011011000011
0001101000001010
1101100000000001
0010101001001010
1110000000000001
1101111100000011
0011011000001010
1110000000000001
0011111001001010
1110100000000001
1110011101000011
1110001010000010
0001000000000001
0100011000001010
1110000000000001
0100111001001010
1110100000000001
1110011101000011
1110001011000010
0001100000000001
0011011010001010
1110000000000001
0011111011001010
1110100000000001
1110011101000011
1110001100000010
0010000000000001
0100011010001010
1110000000000001
0100111011001010
1110100000000001
1110011101000011
1110001101000010
0010100000000001
0111000010001010
1100000000000001
0111100011001010
1100100000000001
1100011001000011
1000000010001010
1100100000000001
1000100011001010
1101000000000001
1100111010000011
0111000100001010
1101000000000001
0111100101001010
1101100000000001
1101011011000011
1000000100001010
1101100000000001
1000100101001010
1110000000000001
1101111100000011
1100001110001010
1110000000000001
1101001111001010
1110100000000001
1110011101000011
1110010010000011
1100101110001010
1110100000000001
1101101111001010
1111000000000001
1110111110000011
1110110011000011
1100010000001010
1111000000000001
1101010001001010
1111100000000001
1111011111000011
1111010010000011
1100110000001010
1111100000000001
1101110001001010
0011000000000001
1111100110000011
1111110011000011
1111111100001010
0011000000000001
1111011101001010
0011100000000001
0011000111000110
0011000000000001
1111111000001010
0011100000000001
1111011001001010
0100000000000001
0011101000000110
0011100000000001
1110111000001010
0100000000000001
1110011001001010
0100100000000001
0100101000000110
0100000000000001
1111111010001010
0100100000000001
1111011011001010
0101000000000001
0100101010000110
0100100000000001
1110111010001010
0101000000000001
1110011011001010
0101100000000001
0101101010000110
0101000000000001
0011100110011110
0011100000000001
0100000110011110
0100000000000001
0100100110011110
0100100000000001
0101000110011110
0101000000000001
1011001110001010
1100000000000001
1011101111001010
1100100000000001
1100011001000011
1011010000001010
1100100000000001
1011110001001010
1101000000000001
1100111010000011
1010011000000110
1101000000000001
1010111001000110
1101100000000001
1101000111001010
1110000000000001
1101101000001010
1110100000000001
1110011101000011
1011011100000010
0000000000000001
1101001001001010
1110000000000001
1101101010001010
1110100000000001
1110011101000011
1011111100000010
0000100000000001
0111000111001010
1100000000000001
1000001000001010
1100100000000001
1100011001000011
0111100111001010
1100100000000001
1000101000001010
1101000000000001
1100111010000011
0111001001001010
1101000000000001
1000001010001010
1101100000000001
1101011011000011
0111101001001010
1101100000000001
1000101010001010
1110000000000001
1101111100000011
0001011000001010
1110000000000001
0010011001001010
1110100000000001
0001011100000110
1111000000000001
1111011101000110
0001000000000001
0001111000001010
1110000000000001
0010111001001010
1110100000000001
0001111100000110
1111000000000001
1111011101000110
0001100000000001
1101000010001010
1110000000000001
1101100100001010
1110100000000001
0010011100000110
1111000000000001
1111011101000110
0010000000000001
1101000011001010
1110000000000001
1101100101001010
1110100000000001
0010111100000110
1111000000000001
1111011101000110
0010100000000001
0000000000110000